t: 0.004 
2.22179931e-02 3.20754186e-02 4.55883618e-02 6.37895867e-02 8.78738672e-02 1.19174638e-01 1.59119017e-01 2.09158003e-01 2.70670566e-01 3.44843248e-01 4.32530334e-01 5.34103670e-01 6.49304935e-01 7.77116255e-01 9.15666724e-01 1.06219198e+00 1.21306132e+00 1.36388150e+00 1.50967920e+00 1.64515512e+00 1.76499381e+00 1.86420498e+00 1.93846647e+00 1.98443588e+00 2.00000000e+00 1.98443588e+00 1.93846647e+00 1.86420498e+00 1.76499381e+00 1.64515512e+00 1.50967920e+00 1.36388150e+00 1.21306132e+00 1.06219198e+00 9.15666724e-01 7.77116255e-01 6.49304935e-01 5.34103670e-01 4.32530334e-01 3.44843248e-01 2.70670566e-01 2.09158003e-01 1.59119017e-01 1.19174638e-01 8.78738672e-02 6.37895867e-02 4.55883618e-02 3.20754186e-02 2.22179931e-02 1.51513549e-02 
t: 0.005 
2.22179931e-02 3.20754186e-02 4.55883618e-02 6.37895867e-02 8.78738672e-02 1.19174638e-01 1.59119017e-01 2.09158003e-01 2.70670566e-01 3.44843248e-01 4.32530334e-01 5.34103670e-01 6.49304935e-01 7.77116255e-01 9.15666724e-01 1.06219198e+00 1.21306132e+00 1.36388150e+00 1.50967920e+00 1.64515512e+00 1.76499381e+00 1.86420498e+00 1.93846647e+00 1.98443588e+00 2.00000000e+00 1.98443588e+00 1.93846647e+00 1.86420498e+00 1.76499381e+00 1.64515512e+00 1.50967920e+00 1.36388150e+00 1.21306132e+00 1.06219198e+00 9.15666724e-01 7.77116255e-01 6.49304935e-01 5.34103670e-01 4.32530334e-01 3.44843248e-01 2.70670566e-01 2.09158003e-01 1.59119017e-01 1.19174638e-01 8.78738672e-02 6.37895867e-02 4.55883618e-02 3.20754186e-02 2.22179931e-02 1.51513549e-02 
t: 0.007 
2.22179931e-02 3.20754186e-02 4.55883618e-02 6.37895867e-02 8.78738672e-02 1.19174638e-01 1.59119017e-01 2.09158003e-01 2.70670566e-01 3.44843248e-01 4.32530334e-01 5.34103670e-01 6.49304935e-01 7.77116255e-01 9.15666724e-01 1.06219198e+00 1.21306132e+00 1.36388150e+00 1.50967920e+00 1.64515512e+00 1.76499381e+00 1.86420498e+00 1.93846647e+00 1.98443588e+00 2.00000000e+00 1.98443588e+00 1.93846647e+00 1.86420498e+00 1.76499381e+00 1.64515512e+00 1.50967920e+00 1.36388150e+00 1.21306132e+00 1.06219198e+00 9.15666724e-01 7.77116255e-01 6.49304935e-01 5.34103670e-01 4.32530334e-01 3.44843248e-01 2.70670566e-01 2.09158003e-01 1.59119017e-01 1.19174638e-01 8.78738672e-02 6.37895867e-02 4.55883618e-02 3.20754186e-02 2.22179931e-02 1.51513549e-02 
t: 0.009 
2.22179931e-02 3.20754186e-02 4.55883618e-02 6.37895867e-02 8.78738672e-02 1.19174638e-01 1.59119017e-01 2.09158003e-01 2.70670566e-01 3.44843248e-01 4.32530334e-01 5.34103670e-01 6.49304935e-01 7.77116255e-01 9.15666724e-01 1.06219198e+00 1.21306132e+00 1.36388150e+00 1.50967920e+00 1.64515512e+00 1.76499381e+00 1.86420498e+00 1.93846647e+00 1.98443588e+00 2.00000000e+00 1.98443588e+00 1.93846647e+00 1.86420498e+00 1.76499381e+00 1.64515512e+00 1.50967920e+00 1.36388150e+00 1.21306132e+00 1.06219198e+00 9.15666724e-01 7.77116255e-01 6.49304935e-01 5.34103670e-01 4.32530334e-01 3.44843248e-01 2.70670566e-01 2.09158003e-01 1.59119017e-01 1.19174638e-01 8.78738672e-02 6.37895867e-02 4.55883618e-02 3.20754186e-02 2.22179931e-02 1.51513549e-02 
t: 0.011 
2.22179931e-02 3.20754186e-02 4.55883618e-02 6.37895867e-02 8.78738672e-02 1.19174638e-01 1.59119017e-01 2.09158003e-01 2.70670566e-01 3.44843248e-01 4.32530334e-01 5.34103670e-01 6.49304935e-01 7.77116255e-01 9.15666724e-01 1.06219198e+00 1.21306132e+00 1.36388150e+00 1.50967920e+00 1.64515512e+00 1.76499381e+00 1.86420498e+00 1.93846647e+00 1.98443588e+00 2.00000000e+00 1.98443588e+00 1.93846647e+00 1.86420498e+00 1.76499381e+00 1.64515512e+00 1.50967920e+00 1.36388150e+00 1.21306132e+00 1.06219198e+00 9.15666724e-01 7.77116255e-01 6.49304935e-01 5.34103670e-01 4.32530334e-01 3.44843248e-01 2.70670566e-01 2.09158003e-01 1.59119017e-01 1.19174638e-01 8.78738672e-02 6.37895867e-02 4.55883618e-02 3.20754186e-02 2.22179931e-02 1.51513549e-02 
t: 0.012 
2.22179931e-02 3.20754186e-02 4.55883618e-02 6.37895867e-02 8.78738672e-02 1.19174638e-01 1.59119017e-01 2.09158003e-01 2.70670566e-01 3.44843248e-01 4.32530334e-01 5.34103670e-01 6.49304935e-01 7.77116255e-01 9.15666724e-01 1.06219198e+00 1.21306132e+00 1.36388150e+00 1.50967920e+00 1.64515512e+00 1.76499381e+00 1.86420498e+00 1.93846647e+00 1.98443588e+00 2.00000000e+00 1.98443588e+00 1.93846647e+00 1.86420498e+00 1.76499381e+00 1.64515512e+00 1.50967920e+00 1.36388150e+00 1.21306132e+00 1.06219198e+00 9.15666724e-01 7.77116255e-01 6.49304935e-01 5.34103670e-01 4.32530334e-01 3.44843248e-01 2.70670566e-01 2.09158003e-01 1.59119017e-01 1.19174638e-01 8.78738672e-02 6.37895867e-02 4.55883618e-02 3.20754186e-02 2.22179931e-02 1.51513549e-02 
t: 0.013 
2.22179931e-02 3.20754186e-02 4.55883618e-02 6.37895867e-02 8.78738672e-02 1.19174638e-01 1.59119017e-01 2.09158003e-01 2.70670566e-01 3.44843248e-01 4.32530334e-01 5.34103670e-01 6.49304935e-01 7.77116255e-01 9.15666724e-01 1.06219198e+00 1.21306132e+00 1.36388150e+00 1.50967920e+00 1.64515512e+00 1.76499381e+00 1.86420498e+00 1.93846647e+00 1.98443588e+00 2.00000000e+00 1.98443588e+00 1.93846647e+00 1.86420498e+00 1.76499381e+00 1.64515512e+00 1.50967920e+00 1.36388150e+00 1.21306132e+00 1.06219198e+00 9.15666724e-01 7.77116255e-01 6.49304935e-01 5.34103670e-01 4.32530334e-01 3.44843248e-01 2.70670566e-01 2.09158003e-01 1.59119017e-01 1.19174638e-01 8.78738672e-02 6.37895867e-02 4.55883618e-02 3.20754186e-02 2.22179931e-02 1.51513549e-02 
t: 0.015 
2.22179931e-02 3.20754186e-02 4.55883618e-02 6.37895867e-02 8.78738672e-02 1.19174638e-01 1.59119017e-01 2.09158003e-01 2.70670566e-01 3.44843248e-01 4.32530334e-01 5.34103670e-01 6.49304935e-01 7.77116255e-01 9.15666724e-01 1.06219198e+00 1.21306132e+00 1.36388150e+00 1.50967920e+00 1.64515512e+00 1.76499381e+00 1.86420498e+00 1.93846647e+00 1.98443588e+00 2.00000000e+00 1.98443588e+00 1.93846647e+00 1.86420498e+00 1.76499381e+00 1.64515512e+00 1.50967920e+00 1.36388150e+00 1.21306132e+00 1.06219198e+00 9.15666724e-01 7.77116255e-01 6.49304935e-01 5.34103670e-01 4.32530334e-01 3.44843248e-01 2.70670566e-01 2.09158003e-01 1.59119017e-01 1.19174638e-01 8.78738672e-02 6.37895867e-02 4.55883618e-02 3.20754186e-02 2.22179931e-02 1.51513549e-02 
t: 0.019 
2.22179931e-02 3.20754186e-02 4.55883618e-02 6.37895867e-02 8.78738672e-02 1.19174638e-01 1.59119017e-01 2.09158003e-01 2.70670566e-01 3.44843248e-01 4.32530334e-01 5.34103670e-01 6.49304935e-01 7.77116255e-01 9.15666724e-01 1.06219198e+00 1.21306132e+00 1.36388150e+00 1.50967920e+00 1.64515512e+00 1.76499381e+00 1.86420498e+00 1.93846647e+00 1.98443588e+00 2.00000000e+00 1.98443588e+00 1.93846647e+00 1.86420498e+00 1.76499381e+00 1.64515512e+00 1.50967920e+00 1.36388150e+00 1.21306132e+00 1.06219198e+00 9.15666724e-01 7.77116255e-01 6.49304935e-01 5.34103670e-01 4.32530334e-01 3.44843248e-01 2.70670566e-01 2.09158003e-01 1.59119017e-01 1.19174638e-01 8.78738672e-02 6.37895867e-02 4.55883618e-02 3.20754186e-02 2.22179931e-02 1.51513549e-02 
t: 0.020 
2.22179931e-02 3.20754186e-02 4.55883618e-02 6.37895867e-02 8.78738672e-02 1.19174638e-01 1.59119017e-01 2.09158003e-01 2.70670566e-01 3.44843248e-01 4.32530334e-01 5.34103670e-01 6.49304935e-01 7.77116255e-01 9.15666724e-01 1.06219198e+00 1.21306132e+00 1.36388150e+00 1.50967920e+00 1.64515512e+00 1.76499381e+00 1.86420498e+00 1.93846647e+00 1.98443588e+00 2.00000000e+00 1.98443588e+00 1.93846647e+00 1.86420498e+00 1.76499381e+00 1.64515512e+00 1.50967920e+00 1.36388150e+00 1.21306132e+00 1.06219198e+00 9.15666724e-01 7.77116255e-01 6.49304935e-01 5.34103670e-01 4.32530334e-01 3.44843248e-01 2.70670566e-01 2.09158003e-01 1.59119017e-01 1.19174638e-01 8.78738672e-02 6.37895867e-02 4.55883618e-02 3.20754186e-02 2.22179931e-02 1.51513549e-02 
t: 0.025 
2.22179931e-02 3.20754186e-02 4.55883618e-02 6.37895867e-02 8.78738672e-02 1.19174638e-01 1.59119017e-01 2.09158003e-01 2.70670566e-01 3.44843248e-01 4.32530334e-01 5.34103670e-01 6.49304935e-01 7.77116255e-01 9.15666724e-01 1.06219198e+00 1.21306132e+00 1.36388150e+00 1.50967920e+00 1.64515512e+00 1.76499381e+00 1.86420498e+00 1.93846647e+00 1.98443588e+00 2.00000000e+00 1.98443588e+00 1.93846647e+00 1.86420498e+00 1.76499381e+00 1.64515512e+00 1.50967920e+00 1.36388150e+00 1.21306132e+00 1.06219198e+00 9.15666724e-01 7.77116255e-01 6.49304935e-01 5.34103670e-01 4.32530334e-01 3.44843248e-01 2.70670566e-01 2.09158003e-01 1.59119017e-01 1.19174638e-01 8.78738672e-02 6.37895867e-02 4.55883618e-02 3.20754186e-02 2.22179931e-02 1.51513549e-02 
t: 0.026 
2.22179931e-02 3.20754186e-02 4.55883618e-02 6.37895867e-02 8.78738672e-02 1.19174638e-01 1.59119017e-01 2.09158003e-01 2.70670566e-01 3.44843248e-01 4.32530334e-01 5.34103670e-01 6.49304935e-01 7.77116255e-01 9.15666724e-01 1.06219198e+00 1.21306132e+00 1.36388150e+00 1.50967920e+00 1.64515512e+00 1.76499381e+00 1.86420498e+00 1.93846647e+00 1.98443588e+00 2.00000000e+00 1.98443588e+00 1.93846647e+00 1.86420498e+00 1.76499381e+00 1.64515512e+00 1.50967920e+00 1.36388150e+00 1.21306132e+00 1.06219198e+00 9.15666724e-01 7.77116255e-01 6.49304935e-01 5.34103670e-01 4.32530334e-01 3.44843248e-01 2.70670566e-01 2.09158003e-01 1.59119017e-01 1.19174638e-01 8.78738672e-02 6.37895867e-02 4.55883618e-02 3.20754186e-02 2.22179931e-02 1.51513549e-02 
t: 0.026 
2.22179931e-02 3.20754186e-02 4.55883618e-02 6.37895867e-02 8.78738672e-02 1.19174638e-01 1.59119017e-01 2.09158003e-01 2.70670566e-01 3.44843248e-01 4.32530334e-01 5.34103670e-01 6.49304935e-01 7.77116255e-01 9.15666724e-01 1.06219198e+00 1.21306132e+00 1.36388150e+00 1.50967920e+00 1.64515512e+00 1.76499381e+00 1.86420498e+00 1.93846647e+00 1.98443588e+00 2.00000000e+00 1.98443588e+00 1.93846647e+00 1.86420498e+00 1.76499381e+00 1.64515512e+00 1.50967920e+00 1.36388150e+00 1.21306132e+00 1.06219198e+00 9.15666724e-01 7.77116255e-01 6.49304935e-01 5.34103670e-01 4.32530334e-01 3.44843248e-01 2.70670566e-01 2.09158003e-01 1.59119017e-01 1.19174638e-01 8.78738672e-02 6.37895867e-02 4.55883618e-02 3.20754186e-02 2.22179931e-02 1.51513549e-02 
t: 0.028 
2.16244883e-02 3.14819138e-02 4.49948570e-02 6.31960820e-02 8.72803625e-02 1.18581133e-01 1.58525513e-01 2.13106480e-01 2.70077062e-01 3.44249743e-01 4.36344443e-01 5.33510166e-01 6.48711430e-01 7.80864678e-01 9.15073219e-01 1.06627892e+00 1.21246781e+00 1.38918576e+00 1.50908570e+00 1.64968331e+00 1.76440030e+00 1.86956292e+00 1.93787296e+00 1.98384237e+00 1.99940650e+00 1.98824999e+00 1.93787296e+00 1.86361148e+00 1.76440030e+00 1.64456162e+00 1.50908570e+00 1.36328800e+00 1.21246781e+00 1.06159848e+00 9.15073219e-01 7.76522750e-01 6.48711430e-01 5.33510166e-01 4.31936829e-01 3.44249743e-01 2.70077062e-01 2.08564498e-01 1.58525513e-01 1.18581133e-01 8.72803625e-02 6.31960820e-02 4.49948570e-02 3.14819138e-02 2.16244883e-02 1.45578501e-02 
t: 0.029 
2.16244883e-02 3.14819138e-02 4.49948570e-02 6.31960820e-02 8.72803625e-02 1.18581133e-01 1.58525513e-01 2.13106480e-01 2.70077062e-01 3.44249743e-01 4.36344443e-01 5.33510166e-01 6.48711430e-01 7.80864678e-01 9.15073219e-01 1.06627892e+00 1.21246781e+00 1.38918576e+00 1.50908570e+00 1.64968331e+00 1.76440030e+00 1.86956292e+00 1.93787296e+00 1.98384237e+00 1.99940650e+00 1.98824999e+00 1.93787296e+00 1.86361148e+00 1.76440030e+00 1.64456162e+00 1.50908570e+00 1.36328800e+00 1.21246781e+00 1.06159848e+00 9.15073219e-01 7.76522750e-01 6.48711430e-01 5.33510166e-01 4.31936829e-01 3.44249743e-01 2.70077062e-01 2.08564498e-01 1.58525513e-01 1.18581133e-01 8.72803625e-02 6.31960820e-02 4.49948570e-02 3.14819138e-02 2.16244883e-02 1.45578501e-02 
t: 0.030 
2.16244883e-02 3.14819138e-02 4.49948570e-02 6.31960820e-02 8.72803625e-02 1.18581133e-01 1.58525513e-01 2.13106480e-01 2.70077062e-01 3.44249743e-01 4.36344443e-01 5.33510166e-01 6.48711430e-01 7.80864678e-01 9.15073219e-01 1.06627892e+00 1.21246781e+00 1.38918576e+00 1.50908570e+00 1.64968331e+00 1.76440030e+00 1.86956292e+00 1.93787296e+00 1.98384237e+00 1.99940650e+00 1.98824999e+00 1.93787296e+00 1.86361148e+00 1.76440030e+00 1.64456162e+00 1.50908570e+00 1.36328800e+00 1.21246781e+00 1.06159848e+00 9.15073219e-01 7.76522750e-01 6.48711430e-01 5.33510166e-01 4.31936829e-01 3.44249743e-01 2.70077062e-01 2.08564498e-01 1.58525513e-01 1.18581133e-01 8.72803625e-02 6.31960820e-02 4.49948570e-02 3.14819138e-02 2.16244883e-02 1.45578501e-02 
t: 0.031 
2.16244883e-02 3.14819138e-02 4.49948570e-02 6.31960820e-02 8.72803625e-02 1.18581133e-01 1.58525513e-01 2.13106480e-01 2.70077062e-01 3.44249743e-01 4.36344443e-01 5.33510166e-01 6.48711430e-01 7.80864678e-01 9.15073219e-01 1.06627892e+00 1.21246781e+00 1.38918576e+00 1.50908570e+00 1.64968331e+00 1.76440030e+00 1.86956292e+00 1.93787296e+00 1.98384237e+00 1.99940650e+00 1.98824999e+00 1.93787296e+00 1.86361148e+00 1.76440030e+00 1.64456162e+00 1.50908570e+00 1.36328800e+00 1.21246781e+00 1.06159848e+00 9.15073219e-01 7.76522750e-01 6.48711430e-01 5.33510166e-01 4.31936829e-01 3.44249743e-01 2.70077062e-01 2.08564498e-01 1.58525513e-01 1.18581133e-01 8.72803625e-02 6.31960820e-02 4.49948570e-02 3.14819138e-02 2.16244883e-02 1.45578501e-02 
