t: 0.004 
2.22179931e-02 3.20754186e-02 4.55883618e-02 6.37895867e-02 8.78738672e-02 1.19174638e-01 1.59119017e-01 2.09158003e-01 2.70670566e-01 3.44843248e-01 4.32530334e-01 5.34103670e-01 6.49304935e-01 7.77116255e-01 9.15666724e-01 1.06219198e+00 1.21306132e+00 1.36388150e+00 1.50967920e+00 1.64515512e+00 1.76499381e+00 1.86420498e+00 1.93846647e+00 1.98443588e+00 2.00000000e+00 1.98443588e+00 1.93846647e+00 1.86420498e+00 1.76499381e+00 1.64515512e+00 1.50967920e+00 1.36388150e+00 1.21306132e+00 1.06219198e+00 9.15666724e-01 7.77116255e-01 6.49304935e-01 5.34103670e-01 4.32530334e-01 3.44843248e-01 2.70670566e-01 2.09158003e-01 1.59119017e-01 1.19174638e-01 8.78738672e-02 6.37895867e-02 4.55883618e-02 3.20754186e-02 2.22179931e-02 1.51513549e-02 
t: 0.005 
2.22179931e-02 3.20754186e-02 4.55883618e-02 6.37895867e-02 8.78738672e-02 1.19174638e-01 1.59119017e-01 2.09158003e-01 2.70670566e-01 3.44843248e-01 4.32530334e-01 5.34103670e-01 6.49304935e-01 7.77116255e-01 9.15666724e-01 1.06219198e+00 1.21306132e+00 1.36388150e+00 1.50967920e+00 1.64515512e+00 1.76499381e+00 1.86420498e+00 1.93846647e+00 1.98443588e+00 2.00000000e+00 1.98443588e+00 1.93846647e+00 1.86420498e+00 1.76499381e+00 1.64515512e+00 1.50967920e+00 1.36388150e+00 1.21306132e+00 1.06219198e+00 9.15666724e-01 7.77116255e-01 6.49304935e-01 5.34103670e-01 4.32530334e-01 3.44843248e-01 2.70670566e-01 2.09158003e-01 1.59119017e-01 1.19174638e-01 8.78738672e-02 6.37895867e-02 4.55883618e-02 3.20754186e-02 2.22179931e-02 1.51513549e-02 
t: 0.007 
2.22179931e-02 3.20754186e-02 4.55883618e-02 6.37895867e-02 8.78738672e-02 1.19174638e-01 1.59119017e-01 2.09158003e-01 2.70670566e-01 3.44843248e-01 4.32530334e-01 5.34103670e-01 6.49304935e-01 7.77116255e-01 9.15666724e-01 1.06219198e+00 1.21306132e+00 1.36388150e+00 1.50967920e+00 1.64515512e+00 1.76499381e+00 1.86420498e+00 1.93846647e+00 1.98443588e+00 2.00000000e+00 1.98443588e+00 1.93846647e+00 1.86420498e+00 1.76499381e+00 1.64515512e+00 1.50967920e+00 1.36388150e+00 1.21306132e+00 1.06219198e+00 9.15666724e-01 7.77116255e-01 6.49304935e-01 5.34103670e-01 4.32530334e-01 3.44843248e-01 2.70670566e-01 2.09158003e-01 1.59119017e-01 1.19174638e-01 8.78738672e-02 6.37895867e-02 4.55883618e-02 3.20754186e-02 2.22179931e-02 1.51513549e-02 
t: 0.009 
2.22179931e-02 3.20754186e-02 4.55883618e-02 6.37895867e-02 8.78738672e-02 1.19174638e-01 1.59119017e-01 2.09158003e-01 2.70670566e-01 3.44843248e-01 4.32530334e-01 5.34103670e-01 6.49304935e-01 7.77116255e-01 9.15666724e-01 1.06219198e+00 1.21306132e+00 1.36388150e+00 1.50967920e+00 1.64515512e+00 1.76499381e+00 1.86420498e+00 1.93846647e+00 1.98443588e+00 2.00000000e+00 1.98443588e+00 1.93846647e+00 1.86420498e+00 1.76499381e+00 1.64515512e+00 1.50967920e+00 1.36388150e+00 1.21306132e+00 1.06219198e+00 9.15666724e-01 7.77116255e-01 6.49304935e-01 5.34103670e-01 4.32530334e-01 3.44843248e-01 2.70670566e-01 2.09158003e-01 1.59119017e-01 1.19174638e-01 8.78738672e-02 6.37895867e-02 4.55883618e-02 3.20754186e-02 2.22179931e-02 1.51513549e-02 
t: 0.010 
2.22179931e-02 3.20754186e-02 4.55883618e-02 6.37895867e-02 8.78738672e-02 1.19174638e-01 1.59119017e-01 2.09158003e-01 2.70670566e-01 3.44843248e-01 4.32530334e-01 5.34103670e-01 6.49304935e-01 7.77116255e-01 9.15666724e-01 1.06219198e+00 1.21306132e+00 1.36388150e+00 1.50967920e+00 1.64515512e+00 1.76499381e+00 1.86420498e+00 1.93846647e+00 1.98443588e+00 2.00000000e+00 1.98443588e+00 1.93846647e+00 1.86420498e+00 1.76499381e+00 1.64515512e+00 1.50967920e+00 1.36388150e+00 1.21306132e+00 1.06219198e+00 9.15666724e-01 7.77116255e-01 6.49304935e-01 5.34103670e-01 4.32530334e-01 3.44843248e-01 2.70670566e-01 2.09158003e-01 1.59119017e-01 1.19174638e-01 8.78738672e-02 6.37895867e-02 4.55883618e-02 3.20754186e-02 2.22179931e-02 1.51513549e-02 
t: 0.011 
2.22179931e-02 3.20754186e-02 4.55883618e-02 6.37895867e-02 8.78738672e-02 1.19174638e-01 1.59119017e-01 2.09158003e-01 2.70670566e-01 3.44843248e-01 4.32530334e-01 5.34103670e-01 6.49304935e-01 7.77116255e-01 9.15666724e-01 1.06219198e+00 1.21306132e+00 1.36388150e+00 1.50967920e+00 1.64515512e+00 1.76499381e+00 1.86420498e+00 1.93846647e+00 1.98443588e+00 2.00000000e+00 1.98443588e+00 1.93846647e+00 1.86420498e+00 1.76499381e+00 1.64515512e+00 1.50967920e+00 1.36388150e+00 1.21306132e+00 1.06219198e+00 9.15666724e-01 7.77116255e-01 6.49304935e-01 5.34103670e-01 4.32530334e-01 3.44843248e-01 2.70670566e-01 2.09158003e-01 1.59119017e-01 1.19174638e-01 8.78738672e-02 6.37895867e-02 4.55883618e-02 3.20754186e-02 2.22179931e-02 1.51513549e-02 
t: 0.013 
2.22179931e-02 3.20754186e-02 4.55883618e-02 6.37895867e-02 8.78738672e-02 1.19174638e-01 1.59119017e-01 2.09158003e-01 2.70670566e-01 3.44843248e-01 4.32530334e-01 5.34103670e-01 6.49304935e-01 7.77116255e-01 9.15666724e-01 1.06219198e+00 1.21306132e+00 1.36388150e+00 1.50967920e+00 1.64515512e+00 1.76499381e+00 1.86420498e+00 1.93846647e+00 1.98443588e+00 2.00000000e+00 1.98443588e+00 1.93846647e+00 1.86420498e+00 1.76499381e+00 1.64515512e+00 1.50967920e+00 1.36388150e+00 1.21306132e+00 1.06219198e+00 9.15666724e-01 7.77116255e-01 6.49304935e-01 5.34103670e-01 4.32530334e-01 3.44843248e-01 2.70670566e-01 2.09158003e-01 1.59119017e-01 1.19174638e-01 8.78738672e-02 6.37895867e-02 4.55883618e-02 3.20754186e-02 2.22179931e-02 1.51513549e-02 
t: 0.013 
2.22179931e-02 3.20754186e-02 4.55883618e-02 6.37895867e-02 8.78738672e-02 1.19174638e-01 1.59119017e-01 2.09158003e-01 2.70670566e-01 3.44843248e-01 4.32530334e-01 5.34103670e-01 6.49304935e-01 7.77116255e-01 9.15666724e-01 1.06219198e+00 1.21306132e+00 1.36388150e+00 1.50967920e+00 1.64515512e+00 1.76499381e+00 1.86420498e+00 1.93846647e+00 1.98443588e+00 2.00000000e+00 1.98443588e+00 1.93846647e+00 1.86420498e+00 1.76499381e+00 1.64515512e+00 1.50967920e+00 1.36388150e+00 1.21306132e+00 1.06219198e+00 9.15666724e-01 7.77116255e-01 6.49304935e-01 5.34103670e-01 4.32530334e-01 3.44843248e-01 2.70670566e-01 2.09158003e-01 1.59119017e-01 1.19174638e-01 8.78738672e-02 6.37895867e-02 4.55883618e-02 3.20754186e-02 2.22179931e-02 1.51513549e-02 
t: 0.015 
2.15111700e-02 3.13685955e-02 4.48815387e-02 6.30827636e-02 8.71670442e-02 1.18467814e-01 1.58412194e-01 2.16179953e-01 2.69963743e-01 3.44136425e-01 4.31823511e-01 5.41604034e-01 6.48598112e-01 7.76409432e-01 9.14959900e-01 1.06148516e+00 1.21235450e+00 1.36317468e+00 1.50897238e+00 1.64444830e+00 1.77178711e+00 1.86349816e+00 1.93775965e+00 1.99111741e+00 1.99929318e+00 1.99169344e+00 1.93775965e+00 1.88789151e+00 1.76428698e+00 1.64444830e+00 1.50897238e+00 1.36317468e+00 1.21235450e+00 1.06148516e+00 9.14959900e-01 7.76409432e-01 6.48598112e-01 5.33396847e-01 4.31823511e-01 3.44136425e-01 2.69963743e-01 2.08451179e-01 1.58412194e-01 1.18467814e-01 8.71670442e-02 7.05828920e-02 4.48815387e-02 3.13685955e-02 2.15111700e-02 1.44445318e-02 
t: 0.019 
2.15111700e-02 3.13685955e-02 4.48815387e-02 6.30827636e-02 8.71670442e-02 1.18467814e-01 1.58412194e-01 2.16179953e-01 2.69963743e-01 3.44136425e-01 4.31823511e-01 5.41604034e-01 6.48598112e-01 7.76409432e-01 9.14959900e-01 1.06148516e+00 1.21235450e+00 1.36317468e+00 1.50897238e+00 1.64444830e+00 1.77178711e+00 1.86349816e+00 1.93775965e+00 1.99111741e+00 1.99929318e+00 1.99169344e+00 1.93775965e+00 1.88789151e+00 1.76428698e+00 1.64444830e+00 1.50897238e+00 1.36317468e+00 1.21235450e+00 1.06148516e+00 9.14959900e-01 7.76409432e-01 6.48598112e-01 5.33396847e-01 4.31823511e-01 3.44136425e-01 2.69963743e-01 2.08451179e-01 1.58412194e-01 1.18467814e-01 8.71670442e-02 7.05828920e-02 4.48815387e-02 3.13685955e-02 2.15111700e-02 1.44445318e-02 
t: 0.020 
2.15111700e-02 3.13685955e-02 4.48815387e-02 6.30827636e-02 8.71670442e-02 1.18467814e-01 1.58412194e-01 2.16179953e-01 2.69963743e-01 3.44136425e-01 4.31823511e-01 5.41604034e-01 6.48598112e-01 7.76409432e-01 9.14959900e-01 1.06148516e+00 1.21235450e+00 1.36317468e+00 1.50897238e+00 1.64444830e+00 1.77178711e+00 1.86349816e+00 1.93775965e+00 1.99111741e+00 1.99929318e+00 1.99169344e+00 1.93775965e+00 1.88789151e+00 1.76428698e+00 1.64444830e+00 1.50897238e+00 1.36317468e+00 1.21235450e+00 1.06148516e+00 9.14959900e-01 7.76409432e-01 6.48598112e-01 5.33396847e-01 4.31823511e-01 3.44136425e-01 2.69963743e-01 2.08451179e-01 1.58412194e-01 1.18467814e-01 8.71670442e-02 7.05828920e-02 4.48815387e-02 3.13685955e-02 2.15111700e-02 1.44445318e-02 
t: 0.025 
2.15111700e-02 3.13685955e-02 4.48815387e-02 6.30827636e-02 8.71670442e-02 1.18467814e-01 1.58412194e-01 2.16179953e-01 2.69963743e-01 3.44136425e-01 4.31823511e-01 5.41604034e-01 6.48598112e-01 7.76409432e-01 9.14959900e-01 1.06148516e+00 1.21235450e+00 1.36317468e+00 1.50897238e+00 1.64444830e+00 1.77178711e+00 1.86349816e+00 1.93775965e+00 1.99111741e+00 1.99929318e+00 1.99169344e+00 1.93775965e+00 1.88789151e+00 1.76428698e+00 1.64444830e+00 1.50897238e+00 1.36317468e+00 1.21235450e+00 1.06148516e+00 9.14959900e-01 7.76409432e-01 6.48598112e-01 5.33396847e-01 4.31823511e-01 3.44136425e-01 2.69963743e-01 2.08451179e-01 1.58412194e-01 1.18467814e-01 8.71670442e-02 7.05828920e-02 4.48815387e-02 3.13685955e-02 2.15111700e-02 1.44445318e-02 
t: 0.026 
2.15111700e-02 3.13685955e-02 4.48815387e-02 6.30827636e-02 8.71670442e-02 1.18467814e-01 1.58412194e-01 2.16179953e-01 2.69963743e-01 3.44136425e-01 4.31823511e-01 5.41604034e-01 6.48598112e-01 7.76409432e-01 9.14959900e-01 1.06148516e+00 1.21235450e+00 1.36317468e+00 1.50897238e+00 1.64444830e+00 1.77178711e+00 1.86349816e+00 1.93775965e+00 1.99111741e+00 1.99929318e+00 1.99169344e+00 1.93775965e+00 1.88789151e+00 1.76428698e+00 1.64444830e+00 1.50897238e+00 1.36317468e+00 1.21235450e+00 1.06148516e+00 9.14959900e-01 7.76409432e-01 6.48598112e-01 5.33396847e-01 4.31823511e-01 3.44136425e-01 2.69963743e-01 2.08451179e-01 1.58412194e-01 1.18467814e-01 8.71670442e-02 7.05828920e-02 4.48815387e-02 3.13685955e-02 2.15111700e-02 1.44445318e-02 
t: 0.028 
2.15111700e-02 3.13685955e-02 4.48815387e-02 6.30827636e-02 8.71670442e-02 1.18467814e-01 1.58412194e-01 2.16179953e-01 2.69963743e-01 3.44136425e-01 4.31823511e-01 5.41604034e-01 6.48598112e-01 7.76409432e-01 9.14959900e-01 1.06148516e+00 1.21235450e+00 1.36317468e+00 1.50897238e+00 1.64444830e+00 1.77178711e+00 1.86349816e+00 1.93775965e+00 1.99111741e+00 1.99929318e+00 1.99169344e+00 1.93775965e+00 1.88789151e+00 1.76428698e+00 1.64444830e+00 1.50897238e+00 1.36317468e+00 1.21235450e+00 1.06148516e+00 9.14959900e-01 7.76409432e-01 6.48598112e-01 5.33396847e-01 4.31823511e-01 3.44136425e-01 2.69963743e-01 2.08451179e-01 1.58412194e-01 1.18467814e-01 8.71670442e-02 7.05828920e-02 4.48815387e-02 3.13685955e-02 2.15111700e-02 1.44445318e-02 
t: 0.029 
2.15111700e-02 3.13685955e-02 4.48815387e-02 6.30827636e-02 8.71670442e-02 1.18467814e-01 1.58412194e-01 2.16179953e-01 2.69963743e-01 3.44136425e-01 4.31823511e-01 5.41604034e-01 6.48598112e-01 7.76409432e-01 9.14959900e-01 1.06148516e+00 1.21235450e+00 1.36317468e+00 1.50897238e+00 1.64444830e+00 1.77178711e+00 1.86349816e+00 1.93775965e+00 1.99111741e+00 1.99929318e+00 1.99169344e+00 1.93775965e+00 1.88789151e+00 1.76428698e+00 1.64444830e+00 1.50897238e+00 1.36317468e+00 1.21235450e+00 1.06148516e+00 9.14959900e-01 7.76409432e-01 6.48598112e-01 5.33396847e-01 4.31823511e-01 3.44136425e-01 2.69963743e-01 2.08451179e-01 1.58412194e-01 1.18467814e-01 8.71670442e-02 7.05828920e-02 4.48815387e-02 3.13685955e-02 2.15111700e-02 1.44445318e-02 
t: 0.030 
2.15111700e-02 3.13685955e-02 4.48815387e-02 6.30827636e-02 8.71670442e-02 1.18467814e-01 1.58412194e-01 2.16179953e-01 2.69963743e-01 3.44136425e-01 4.31823511e-01 5.41604034e-01 6.48598112e-01 7.76409432e-01 9.14959900e-01 1.06148516e+00 1.21235450e+00 1.36317468e+00 1.50897238e+00 1.64444830e+00 1.77178711e+00 1.86349816e+00 1.93775965e+00 1.99111741e+00 1.99929318e+00 1.99169344e+00 1.93775965e+00 1.88789151e+00 1.76428698e+00 1.64444830e+00 1.50897238e+00 1.36317468e+00 1.21235450e+00 1.06148516e+00 9.14959900e-01 7.76409432e-01 6.48598112e-01 5.33396847e-01 4.31823511e-01 3.44136425e-01 2.69963743e-01 2.08451179e-01 1.58412194e-01 1.18467814e-01 8.71670442e-02 7.05828920e-02 4.48815387e-02 3.13685955e-02 2.15111700e-02 1.44445318e-02 
t: 0.031 
2.15111700e-02 3.13685955e-02 4.48815387e-02 6.30827636e-02 8.71670442e-02 1.18467814e-01 1.58412194e-01 2.16179953e-01 2.69963743e-01 3.44136425e-01 4.31823511e-01 5.41604034e-01 6.48598112e-01 7.76409432e-01 9.14959900e-01 1.06148516e+00 1.21235450e+00 1.36317468e+00 1.50897238e+00 1.64444830e+00 1.77178711e+00 1.86349816e+00 1.93775965e+00 1.99111741e+00 1.99929318e+00 1.99169344e+00 1.93775965e+00 1.88789151e+00 1.76428698e+00 1.64444830e+00 1.50897238e+00 1.36317468e+00 1.21235450e+00 1.06148516e+00 9.14959900e-01 7.76409432e-01 6.48598112e-01 5.33396847e-01 4.31823511e-01 3.44136425e-01 2.69963743e-01 2.08451179e-01 1.58412194e-01 1.18467814e-01 8.71670442e-02 7.05828920e-02 4.48815387e-02 3.13685955e-02 2.15111700e-02 1.44445318e-02 
t: 0.031 
2.15111700e-02 3.13685955e-02 4.48815387e-02 6.30827636e-02 8.71670442e-02 1.18467814e-01 1.58412194e-01 2.16179953e-01 2.69963743e-01 3.44136425e-01 4.31823511e-01 5.41604034e-01 6.48598112e-01 7.76409432e-01 9.14959900e-01 1.06148516e+00 1.21235450e+00 1.36317468e+00 1.50897238e+00 1.64444830e+00 1.77178711e+00 1.86349816e+00 1.93775965e+00 1.99111741e+00 1.99929318e+00 1.99169344e+00 1.93775965e+00 1.88789151e+00 1.76428698e+00 1.64444830e+00 1.50897238e+00 1.36317468e+00 1.21235450e+00 1.06148516e+00 9.14959900e-01 7.76409432e-01 6.48598112e-01 5.33396847e-01 4.31823511e-01 3.44136425e-01 2.69963743e-01 2.08451179e-01 1.58412194e-01 1.18467814e-01 8.71670442e-02 7.05828920e-02 4.48815387e-02 3.13685955e-02 2.15111700e-02 1.44445318e-02 
