t: 0.000
0.00000000e+00 0.00000000e+00 
t: 0.001
0.00000000e+00 0.00000000e+00 
t: 0.002
0.00000000e+00 0.00000000e+00 
t: 0.003
0.00000000e+00 0.00000000e+00 
t: 0.004
0.00000000e+00 0.00000000e+00 
t: 0.005
1.37577923e-09 1.19716682e-09 
t: 0.006
1.21964985e-09 1.48179074e-09 
t: 0.007
1.21964985e-09 1.48179074e-09 
t: 0.008
1.21964985e-09 1.48179074e-09 
t: 0.009
1.21964985e-09 1.48179074e-09 
t: 0.010
1.21964985e-09 1.48179074e-09 
t: 0.011
1.21964985e-09 1.48179074e-09 
t: 0.012
7.19790910e-11 1.36464318e-10 
t: 0.013
7.19790910e-11 1.36464318e-10 
t: 0.014
7.19790910e-11 1.36464318e-10 
t: 0.015
7.19790910e-11 1.36464318e-10 
t: 0.016
7.19790910e-11 1.36464318e-10 
t: 0.017
7.19790910e-11 1.36464318e-10 
t: 0.018
7.19790910e-11 1.36464318e-10 
t: 0.019
7.19790910e-11 1.36464318e-10 
t: 0.020
3.91765313e-10 2.18459462e-10 
t: 0.021
3.91765313e-10 2.18459462e-10 
t: 0.022
3.91765313e-10 2.18459462e-10 
t: 0.023
3.91765313e-10 2.18459462e-10 
t: 0.024
3.91765313e-10 2.18459462e-10 
t: 0.025
3.91765313e-10 2.18459462e-10 
t: 0.026
9.60295166e-13 3.43153614e-13 
t: 0.027
2.97962423e-09 4.04602409e-09 
t: 0.028
2.97962423e-09 4.04602409e-09 
t: 0.029
1.44621018e-09 9.01346039e-10 
t: 0.030
5.64055621e-09 4.39149704e-09 
t: 0.031
1.15095121e-08 1.13486317e-08 
t: 0.032
1.15095121e-08 1.13486317e-08 
t: 0.033
1.15095121e-08 1.13486317e-08 
t: 0.034
1.15095121e-08 1.13486317e-08 
t: 0.035
1.15095121e-08 1.13486317e-08 
t: 0.036
1.15095121e-08 1.13486317e-08 
t: 0.037
1.15095121e-08 1.13486317e-08 
t: 0.038
1.15095121e-08 1.13486317e-08 
t: 0.039
1.15095121e-08 1.13486317e-08 
t: 0.040
1.15095121e-08 1.13486317e-08 
t: 0.041
1.15095121e-08 1.13486317e-08 
t: 0.042
1.15095121e-08 1.13486317e-08 
t: 0.043
1.15095121e-08 1.13486317e-08 
t: 0.044
1.15095121e-08 1.13486317e-08 
t: 0.045
1.15095121e-08 1.13486317e-08 
t: 0.046
1.15095121e-08 1.13486317e-08 
t: 0.047
1.15095121e-08 1.13486317e-08 
t: 0.048
1.15095121e-08 1.13486317e-08 
t: 0.049
1.15095121e-08 1.13486317e-08 
t: 0.050
1.15095121e-08 1.13486317e-08 
t: 0.051
1.15095121e-08 1.13486317e-08 
t: 0.052
1.15095121e-08 1.13486317e-08 
t: 0.053
1.15095121e-08 1.13486317e-08 
t: 0.054
1.15095121e-08 1.13486317e-08 
t: 0.055
1.15095121e-08 1.13486317e-08 
t: 0.056
1.15095121e-08 1.13486317e-08 
t: 0.057
1.15095121e-08 1.13486317e-08 
t: 0.058
1.15095121e-08 1.13486317e-08 
t: 0.059
1.15095121e-08 1.13486317e-08 
t: 0.060
1.15095121e-08 1.13486317e-08 
t: 0.061
1.15095121e-08 1.13486317e-08 
t: 0.062
1.15095121e-08 1.13486317e-08 
t: 0.063
1.15095121e-08 1.13486317e-08 
t: 0.064
1.15095121e-08 1.13486317e-08 
t: 0.065
1.15095121e-08 1.13486317e-08 
t: 0.066
1.15095121e-08 1.13486317e-08 
t: 0.067
1.15095121e-08 1.13486317e-08 
t: 0.068
1.15095121e-08 1.13486317e-08 
t: 0.069
1.15095121e-08 1.13486317e-08 
t: 0.070
1.15095121e-08 1.13486317e-08 
t: 0.071
1.15095121e-08 1.13486317e-08 
t: 0.072
1.15095121e-08 1.13486317e-08 
t: 0.073
1.15095121e-08 1.13486317e-08 
t: 0.074
1.15095121e-08 1.13486317e-08 
t: 0.075
1.15095121e-08 1.13486317e-08 
t: 0.076
1.15095121e-08 1.13486317e-08 
t: 0.077
1.15095121e-08 1.13486317e-08 
t: 0.078
1.15095121e-08 1.13486317e-08 
t: 0.079
1.15095121e-08 1.13486317e-08 
t: 0.080
1.15095121e-08 1.13486317e-08 
t: 0.081
1.15095121e-08 1.13486317e-08 
t: 0.082
1.15095121e-08 1.13486317e-08 
t: 0.083
1.15095121e-08 1.13486317e-08 
t: 0.084
1.15095121e-08 1.13486317e-08 
t: 0.085
1.15095121e-08 1.13486317e-08 
t: 0.086
1.15095121e-08 1.13486317e-08 
t: 0.087
1.15095121e-08 1.13486317e-08 
t: 0.088
1.15095121e-08 1.13486317e-08 
t: 0.089
1.15095121e-08 1.13486317e-08 
t: 0.090
1.15095121e-08 1.13486317e-08 
t: 0.091
1.15095121e-08 1.13486317e-08 
t: 0.092
1.15095121e-08 1.13486317e-08 
t: 0.093
1.15095121e-08 1.13486317e-08 
t: 0.094
1.15095121e-08 1.13486317e-08 
t: 0.095
1.15095121e-08 1.13486317e-08 
t: 0.096
1.15095121e-08 1.13486317e-08 
t: 0.097
1.15095121e-08 1.13486317e-08 
t: 0.098
1.15095121e-08 1.13486317e-08 
t: 0.099
1.15095121e-08 1.13486317e-08 
