t: 0.000
0.00000000e+00 0.00000000e+00 0.00000000e+00 0.00000000e+00 0.00000000e+00 0.00000000e+00 0.00000000e+00 0.00000000e+00 0.00000000e+00 0.00000000e+00 
t: 0.001
1.35335283e+05 1.04579001e+05 7.95595087e+04 5.95873188e+04 4.39369336e+04 3.18947934e+04 2.27941809e+04 1.60377093e+04 1.11089965e+04 7.57567744e+03 
t: 0.002
6.61701766e+02 5.11293673e+02 3.88959497e+02 2.91312483e+02 2.14798635e+02 1.55926496e+02 1.11435450e+02 7.84045724e+01 5.43092430e+01 3.70356813e+01 
t: 0.003
6.83190622e+02 5.32820353e+02 4.10560369e+02 3.12968483e+02 2.36494761e+02 1.77652347e+02 1.33183360e+02 1.00168727e+02 7.60852058e+01 5.88200967e+01 
t: 0.004
7.46680751e+02 5.96462102e+02 4.74267575e+02 3.76724422e+02 3.00288835e+02 2.41475747e+02 1.97028916e+02 1.64030730e+02 1.39959206e+02 1.22702698e+02 
t: 0.005
8.71211078e+02 7.21071163e+02 5.98938711e+02 5.01445018e+02 4.25048203e+02 3.66264955e+02 3.21840680e+02 2.88859241e+02 2.64799934e+02 2.47552184e+02 
t: 0.006
1.07422289e+03 9.24159805e+02 8.02090300e+02 7.04646937e+02 6.28289588e+02 5.69536720e+02 5.25135410e+02 4.92171024e+02 4.68124158e+02 4.50885327e+02 
t: 0.007
1.37194979e+03 1.22196431e+03 1.09995879e+03 1.00256663e+03 9.26249453e+02 8.67527512e+02 8.23149584e+02 7.90202561e+02 7.66168364e+02 7.48938616e+02 
t: 0.008
1.77941597e+03 1.62950894e+03 1.50756845e+03 1.41022839e+03 1.33395209e+03 1.27526163e+03 1.23090751e+03 1.19797817e+03 1.17395687e+03 1.15673637e+03 
t: 0.009
2.31049835e+03 2.16067056e+03 2.03879615e+03 1.94150909e+03 1.86527438e+03 1.80661596e+03 1.76228608e+03 1.72937473e+03 1.70536657e+03 1.68815549e+03 
t: 0.010
2.97798797e+03 2.82824016e+03 2.70643286e+03 2.60919969e+03 2.53300730e+03 2.47438150e+03 2.43007628e+03 2.39718326e+03 2.37318847e+03 2.35598698e+03 
t: 0.011
3.79364850e+03 3.64398130e+03 3.52224216e+03 3.42506378e+03 3.34891445e+03 3.29032184e+03 3.24604173e+03 3.21316736e+03 3.18918619e+03 3.17199445e+03 
t: 0.012
4.76827176e+03 4.61868574e+03 4.49701578e+03 4.39989311e+03 4.32378759e+03 4.26522874e+03 4.22097419e+03 4.18811881e+03 4.16415150e+03 4.14696971e+03 
t: 0.013
4.85995734e+03 4.85993194e+03 4.85992616e+03 4.85992382e+03 4.85992266e+03 4.85992211e+03 4.85992186e+03 4.85992175e+03 4.85992171e+03 4.85992169e+03 
t: 0.014
4.85704109e+03 4.85701523e+03 4.85700934e+03 4.85700696e+03 4.85700578e+03 4.85700522e+03 4.85700497e+03 4.85700486e+03 4.85700481e+03 4.85700480e+03 
t: 0.015
4.85407217e+03 4.85404584e+03 4.85403986e+03 4.85403743e+03 4.85403623e+03 4.85403566e+03 4.85403540e+03 4.85403529e+03 4.85403524e+03 4.85403523e+03 
t: 0.016
4.85104976e+03 4.85102295e+03 4.85101686e+03 4.85101439e+03 4.85101316e+03 4.85101259e+03 4.85101232e+03 4.85101221e+03 4.85101216e+03 4.85101214e+03 
t: 0.017
4.84797299e+03 4.84794571e+03 4.84793950e+03 4.84793698e+03 4.84793574e+03 4.84793515e+03 4.84793489e+03 4.84793477e+03 4.84793472e+03 4.84793470e+03 
t: 0.018
4.84484102e+03 4.84481324e+03 4.84480693e+03 4.84480437e+03 4.84480310e+03 4.84480250e+03 4.84480223e+03 4.84480211e+03 4.84480206e+03 4.84480204e+03 
t: 0.019
4.84165298e+03 4.84162471e+03 4.84161828e+03 4.84161567e+03 4.84161438e+03 4.84161377e+03 4.84161349e+03 4.84161337e+03 4.84161332e+03 4.84161330e+03 
t: 0.020
4.89128586e+03 4.89128619e+03 4.89128627e+03 4.89128630e+03 4.89128631e+03 4.89128632e+03 4.89128632e+03 4.89128633e+03 4.89128633e+03 4.89128633e+03 
t: 0.021
5.07339556e+03 5.07349767e+03 5.07352089e+03 5.07353030e+03 5.07353496e+03 5.07353716e+03 5.07353816e+03 5.07353859e+03 5.07353878e+03 5.07353885e+03 
t: 0.022
5.39116426e+03 5.39143617e+03 5.39149802e+03 5.39152309e+03 5.39153548e+03 5.39154135e+03 5.39154401e+03 5.39154517e+03 5.39154566e+03 5.39154585e+03 
t: 0.023
5.67865877e+03 5.67905263e+03 5.67914222e+03 5.67917852e+03 5.67919647e+03 5.67920497e+03 5.67920882e+03 5.67921050e+03 5.67921121e+03 5.67921149e+03 
t: 0.024
5.65218401e+03 5.65249673e+03 5.65256787e+03 5.65259669e+03 5.65261094e+03 5.65261769e+03 5.65262075e+03 5.65262208e+03 5.65262264e+03 5.65262286e+03 
t: 0.025
5.28832521e+03 5.28842752e+03 5.28845079e+03 5.28846022e+03 5.28846488e+03 5.28846709e+03 5.28846809e+03 5.28846853e+03 5.28846871e+03 5.28846878e+03 
t: 0.026
4.98752081e+03 4.98752081e+03 4.98752081e+03 4.98752081e+03 4.98752081e+03 4.98752081e+03 4.98752081e+03 4.98752081e+03 4.98752081e+03 4.98752081e+03 
t: 0.027
4.98752081e+03 4.98752081e+03 4.98752081e+03 4.98752081e+03 4.98752081e+03 4.98752081e+03 4.98752081e+03 4.98752081e+03 4.98752081e+03 4.98752081e+03 
t: 0.028
4.98752081e+03 4.98752081e+03 4.98752081e+03 4.98752081e+03 4.98752081e+03 4.98752081e+03 4.98752081e+03 4.98752081e+03 4.98752081e+03 4.98752081e+03 
t: 0.029
4.98752081e+03 4.98752081e+03 4.98752081e+03 4.98752081e+03 4.98752081e+03 4.98752081e+03 4.98752081e+03 4.98752081e+03 4.98752081e+03 4.98752081e+03 
t: 0.030
4.98752081e+03 4.98752081e+03 4.98752081e+03 4.98752081e+03 4.98752081e+03 4.98752081e+03 4.98752081e+03 4.98752081e+03 4.98752081e+03 4.98752081e+03 
t: 0.031
4.98752081e+03 4.98752081e+03 4.98752081e+03 4.98752081e+03 4.98752081e+03 4.98752081e+03 4.98752081e+03 4.98752081e+03 4.98752081e+03 4.98752081e+03 
t: 0.032
4.98752081e+03 4.98752081e+03 4.98752081e+03 4.98752081e+03 4.98752081e+03 4.98752081e+03 4.98752081e+03 4.98752081e+03 4.98752081e+03 4.98752081e+03 
t: 0.033
4.98752081e+03 4.98752081e+03 4.98752081e+03 4.98752081e+03 4.98752081e+03 4.98752081e+03 4.98752081e+03 4.98752081e+03 4.98752081e+03 4.98752081e+03 
t: 0.034
4.98752081e+03 4.98752081e+03 4.98752081e+03 4.98752081e+03 4.98752081e+03 4.98752081e+03 4.98752081e+03 4.98752081e+03 4.98752081e+03 4.98752081e+03 
t: 0.035
4.98752081e+03 4.98752081e+03 4.98752081e+03 4.98752081e+03 4.98752081e+03 4.98752081e+03 4.98752081e+03 4.98752081e+03 4.98752081e+03 4.98752081e+03 
t: 0.036
4.98752081e+03 4.98752081e+03 4.98752081e+03 4.98752081e+03 4.98752081e+03 4.98752081e+03 4.98752081e+03 4.98752081e+03 4.98752081e+03 4.98752081e+03 
t: 0.037
4.98752081e+03 4.98752081e+03 4.98752081e+03 4.98752081e+03 4.98752081e+03 4.98752081e+03 4.98752081e+03 4.98752081e+03 4.98752081e+03 4.98752081e+03 
t: 0.038
4.98752081e+03 4.98752081e+03 4.98752081e+03 4.98752081e+03 4.98752081e+03 4.98752081e+03 4.98752081e+03 4.98752081e+03 4.98752081e+03 4.98752081e+03 
t: 0.039
4.98752081e+03 4.98752081e+03 4.98752081e+03 4.98752081e+03 4.98752081e+03 4.98752081e+03 4.98752081e+03 4.98752081e+03 4.98752081e+03 4.98752081e+03 
t: 0.040
4.98752081e+03 4.98752081e+03 4.98752081e+03 4.98752081e+03 4.98752081e+03 4.98752081e+03 4.98752081e+03 4.98752081e+03 4.98752081e+03 4.98752081e+03 
t: 0.041
4.98752081e+03 4.98752081e+03 4.98752081e+03 4.98752081e+03 4.98752081e+03 4.98752081e+03 4.98752081e+03 4.98752081e+03 4.98752081e+03 4.98752081e+03 
t: 0.042
4.98752081e+03 4.98752081e+03 4.98752081e+03 4.98752081e+03 4.98752081e+03 4.98752081e+03 4.98752081e+03 4.98752081e+03 4.98752081e+03 4.98752081e+03 
t: 0.043
4.98752081e+03 4.98752081e+03 4.98752081e+03 4.98752081e+03 4.98752081e+03 4.98752081e+03 4.98752081e+03 4.98752081e+03 4.98752081e+03 4.98752081e+03 
t: 0.044
4.98752081e+03 4.98752081e+03 4.98752081e+03 4.98752081e+03 4.98752081e+03 4.98752081e+03 4.98752081e+03 4.98752081e+03 4.98752081e+03 4.98752081e+03 
t: 0.045
4.98752081e+03 4.98752081e+03 4.98752081e+03 4.98752081e+03 4.98752081e+03 4.98752081e+03 4.98752081e+03 4.98752081e+03 4.98752081e+03 4.98752081e+03 
t: 0.046
4.98752081e+03 4.98752081e+03 4.98752081e+03 4.98752081e+03 4.98752081e+03 4.98752081e+03 4.98752081e+03 4.98752081e+03 4.98752081e+03 4.98752081e+03 
t: 0.047
4.98752081e+03 4.98752081e+03 4.98752081e+03 4.98752081e+03 4.98752081e+03 4.98752081e+03 4.98752081e+03 4.98752081e+03 4.98752081e+03 4.98752081e+03 
t: 0.048
4.98752081e+03 4.98752081e+03 4.98752081e+03 4.98752081e+03 4.98752081e+03 4.98752081e+03 4.98752081e+03 4.98752081e+03 4.98752081e+03 4.98752081e+03 
t: 0.049
4.98752081e+03 4.98752081e+03 4.98752081e+03 4.98752081e+03 4.98752081e+03 4.98752081e+03 4.98752081e+03 4.98752081e+03 4.98752081e+03 4.98752081e+03 
t: 0.050
4.98752081e+03 4.98752081e+03 4.98752081e+03 4.98752081e+03 4.98752081e+03 4.98752081e+03 4.98752081e+03 4.98752081e+03 4.98752081e+03 4.98752081e+03 
t: 0.051
4.98752081e+03 4.98752081e+03 4.98752081e+03 4.98752081e+03 4.98752081e+03 4.98752081e+03 4.98752081e+03 4.98752081e+03 4.98752081e+03 4.98752081e+03 
t: 0.052
4.98752081e+03 4.98752081e+03 4.98752081e+03 4.98752081e+03 4.98752081e+03 4.98752081e+03 4.98752081e+03 4.98752081e+03 4.98752081e+03 4.98752081e+03 
t: 0.053
4.98752081e+03 4.98752081e+03 4.98752081e+03 4.98752081e+03 4.98752081e+03 4.98752081e+03 4.98752081e+03 4.98752081e+03 4.98752081e+03 4.98752081e+03 
t: 0.054
4.98752081e+03 4.98752081e+03 4.98752081e+03 4.98752081e+03 4.98752081e+03 4.98752081e+03 4.98752081e+03 4.98752081e+03 4.98752081e+03 4.98752081e+03 
t: 0.055
4.98752081e+03 4.98752081e+03 4.98752081e+03 4.98752081e+03 4.98752081e+03 4.98752081e+03 4.98752081e+03 4.98752081e+03 4.98752081e+03 4.98752081e+03 
t: 0.056
4.98752081e+03 4.98752081e+03 4.98752081e+03 4.98752081e+03 4.98752081e+03 4.98752081e+03 4.98752081e+03 4.98752081e+03 4.98752081e+03 4.98752081e+03 
t: 0.057
4.98752081e+03 4.98752081e+03 4.98752081e+03 4.98752081e+03 4.98752081e+03 4.98752081e+03 4.98752081e+03 4.98752081e+03 4.98752081e+03 4.98752081e+03 
t: 0.058
4.98752081e+03 4.98752081e+03 4.98752081e+03 4.98752081e+03 4.98752081e+03 4.98752081e+03 4.98752081e+03 4.98752081e+03 4.98752081e+03 4.98752081e+03 
t: 0.059
4.98752081e+03 4.98752081e+03 4.98752081e+03 4.98752081e+03 4.98752081e+03 4.98752081e+03 4.98752081e+03 4.98752081e+03 4.98752081e+03 4.98752081e+03 
t: 0.060
4.98752081e+03 4.98752081e+03 4.98752081e+03 4.98752081e+03 4.98752081e+03 4.98752081e+03 4.98752081e+03 4.98752081e+03 4.98752081e+03 4.98752081e+03 
t: 0.061
4.98752081e+03 4.98752081e+03 4.98752081e+03 4.98752081e+03 4.98752081e+03 4.98752081e+03 4.98752081e+03 4.98752081e+03 4.98752081e+03 4.98752081e+03 
t: 0.062
4.98752081e+03 4.98752081e+03 4.98752081e+03 4.98752081e+03 4.98752081e+03 4.98752081e+03 4.98752081e+03 4.98752081e+03 4.98752081e+03 4.98752081e+03 
t: 0.063
4.98752081e+03 4.98752081e+03 4.98752081e+03 4.98752081e+03 4.98752081e+03 4.98752081e+03 4.98752081e+03 4.98752081e+03 4.98752081e+03 4.98752081e+03 
t: 0.064
4.98752081e+03 4.98752081e+03 4.98752081e+03 4.98752081e+03 4.98752081e+03 4.98752081e+03 4.98752081e+03 4.98752081e+03 4.98752081e+03 4.98752081e+03 
t: 0.065
4.98752081e+03 4.98752081e+03 4.98752081e+03 4.98752081e+03 4.98752081e+03 4.98752081e+03 4.98752081e+03 4.98752081e+03 4.98752081e+03 4.98752081e+03 
t: 0.066
4.98752081e+03 4.98752081e+03 4.98752081e+03 4.98752081e+03 4.98752081e+03 4.98752081e+03 4.98752081e+03 4.98752081e+03 4.98752081e+03 4.98752081e+03 
t: 0.067
4.98752081e+03 4.98752081e+03 4.98752081e+03 4.98752081e+03 4.98752081e+03 4.98752081e+03 4.98752081e+03 4.98752081e+03 4.98752081e+03 4.98752081e+03 
t: 0.068
4.98752081e+03 4.98752081e+03 4.98752081e+03 4.98752081e+03 4.98752081e+03 4.98752081e+03 4.98752081e+03 4.98752081e+03 4.98752081e+03 4.98752081e+03 
t: 0.069
4.98752081e+03 4.98752081e+03 4.98752081e+03 4.98752081e+03 4.98752081e+03 4.98752081e+03 4.98752081e+03 4.98752081e+03 4.98752081e+03 4.98752081e+03 
t: 0.070
4.98752081e+03 4.98752081e+03 4.98752081e+03 4.98752081e+03 4.98752081e+03 4.98752081e+03 4.98752081e+03 4.98752081e+03 4.98752081e+03 4.98752081e+03 
t: 0.071
4.98752081e+03 4.98752081e+03 4.98752081e+03 4.98752081e+03 4.98752081e+03 4.98752081e+03 4.98752081e+03 4.98752081e+03 4.98752081e+03 4.98752081e+03 
t: 0.072
4.98752081e+03 4.98752081e+03 4.98752081e+03 4.98752081e+03 4.98752081e+03 4.98752081e+03 4.98752081e+03 4.98752081e+03 4.98752081e+03 4.98752081e+03 
t: 0.073
4.98752081e+03 4.98752081e+03 4.98752081e+03 4.98752081e+03 4.98752081e+03 4.98752081e+03 4.98752081e+03 4.98752081e+03 4.98752081e+03 4.98752081e+03 
t: 0.074
4.98752081e+03 4.98752081e+03 4.98752081e+03 4.98752081e+03 4.98752081e+03 4.98752081e+03 4.98752081e+03 4.98752081e+03 4.98752081e+03 4.98752081e+03 
t: 0.075
4.98752081e+03 4.98752081e+03 4.98752081e+03 4.98752081e+03 4.98752081e+03 4.98752081e+03 4.98752081e+03 4.98752081e+03 4.98752081e+03 4.98752081e+03 
t: 0.076
4.98752081e+03 4.98752081e+03 4.98752081e+03 4.98752081e+03 4.98752081e+03 4.98752081e+03 4.98752081e+03 4.98752081e+03 4.98752081e+03 4.98752081e+03 
t: 0.077
4.98752081e+03 4.98752081e+03 4.98752081e+03 4.98752081e+03 4.98752081e+03 4.98752081e+03 4.98752081e+03 4.98752081e+03 4.98752081e+03 4.98752081e+03 
t: 0.078
4.98752081e+03 4.98752081e+03 4.98752081e+03 4.98752081e+03 4.98752081e+03 4.98752081e+03 4.98752081e+03 4.98752081e+03 4.98752081e+03 4.98752081e+03 
t: 0.079
4.98752081e+03 4.98752081e+03 4.98752081e+03 4.98752081e+03 4.98752081e+03 4.98752081e+03 4.98752081e+03 4.98752081e+03 4.98752081e+03 4.98752081e+03 
t: 0.080
4.98752081e+03 4.98752081e+03 4.98752081e+03 4.98752081e+03 4.98752081e+03 4.98752081e+03 4.98752081e+03 4.98752081e+03 4.98752081e+03 4.98752081e+03 
t: 0.081
4.98752081e+03 4.98752081e+03 4.98752081e+03 4.98752081e+03 4.98752081e+03 4.98752081e+03 4.98752081e+03 4.98752081e+03 4.98752081e+03 4.98752081e+03 
t: 0.082
4.98752081e+03 4.98752081e+03 4.98752081e+03 4.98752081e+03 4.98752081e+03 4.98752081e+03 4.98752081e+03 4.98752081e+03 4.98752081e+03 4.98752081e+03 
t: 0.083
4.98752081e+03 4.98752081e+03 4.98752081e+03 4.98752081e+03 4.98752081e+03 4.98752081e+03 4.98752081e+03 4.98752081e+03 4.98752081e+03 4.98752081e+03 
t: 0.084
4.98752081e+03 4.98752081e+03 4.98752081e+03 4.98752081e+03 4.98752081e+03 4.98752081e+03 4.98752081e+03 4.98752081e+03 4.98752081e+03 4.98752081e+03 
t: 0.085
4.98752081e+03 4.98752081e+03 4.98752081e+03 4.98752081e+03 4.98752081e+03 4.98752081e+03 4.98752081e+03 4.98752081e+03 4.98752081e+03 4.98752081e+03 
t: 0.086
4.98752081e+03 4.98752081e+03 4.98752081e+03 4.98752081e+03 4.98752081e+03 4.98752081e+03 4.98752081e+03 4.98752081e+03 4.98752081e+03 4.98752081e+03 
t: 0.087
4.98752081e+03 4.98752081e+03 4.98752081e+03 4.98752081e+03 4.98752081e+03 4.98752081e+03 4.98752081e+03 4.98752081e+03 4.98752081e+03 4.98752081e+03 
t: 0.088
4.98752081e+03 4.98752081e+03 4.98752081e+03 4.98752081e+03 4.98752081e+03 4.98752081e+03 4.98752081e+03 4.98752081e+03 4.98752081e+03 4.98752081e+03 
t: 0.089
4.98752081e+03 4.98752081e+03 4.98752081e+03 4.98752081e+03 4.98752081e+03 4.98752081e+03 4.98752081e+03 4.98752081e+03 4.98752081e+03 4.98752081e+03 
t: 0.090
4.98752081e+03 4.98752081e+03 4.98752081e+03 4.98752081e+03 4.98752081e+03 4.98752081e+03 4.98752081e+03 4.98752081e+03 4.98752081e+03 4.98752081e+03 
t: 0.091
4.98752081e+03 4.98752081e+03 4.98752081e+03 4.98752081e+03 4.98752081e+03 4.98752081e+03 4.98752081e+03 4.98752081e+03 4.98752081e+03 4.98752081e+03 
t: 0.092
4.98752081e+03 4.98752081e+03 4.98752081e+03 4.98752081e+03 4.98752081e+03 4.98752081e+03 4.98752081e+03 4.98752081e+03 4.98752081e+03 4.98752081e+03 
t: 0.093
4.98752081e+03 4.98752081e+03 4.98752081e+03 4.98752081e+03 4.98752081e+03 4.98752081e+03 4.98752081e+03 4.98752081e+03 4.98752081e+03 4.98752081e+03 
t: 0.094
4.98752081e+03 4.98752081e+03 4.98752081e+03 4.98752081e+03 4.98752081e+03 4.98752081e+03 4.98752081e+03 4.98752081e+03 4.98752081e+03 4.98752081e+03 
t: 0.095
4.98752081e+03 4.98752081e+03 4.98752081e+03 4.98752081e+03 4.98752081e+03 4.98752081e+03 4.98752081e+03 4.98752081e+03 4.98752081e+03 4.98752081e+03 
t: 0.096
4.98752081e+03 4.98752081e+03 4.98752081e+03 4.98752081e+03 4.98752081e+03 4.98752081e+03 4.98752081e+03 4.98752081e+03 4.98752081e+03 4.98752081e+03 
t: 0.097
4.98752081e+03 4.98752081e+03 4.98752081e+03 4.98752081e+03 4.98752081e+03 4.98752081e+03 4.98752081e+03 4.98752081e+03 4.98752081e+03 4.98752081e+03 
t: 0.098
4.98752081e+03 4.98752081e+03 4.98752081e+03 4.98752081e+03 4.98752081e+03 4.98752081e+03 4.98752081e+03 4.98752081e+03 4.98752081e+03 4.98752081e+03 
t: 0.099
4.98752081e+03 4.98752081e+03 4.98752081e+03 4.98752081e+03 4.98752081e+03 4.98752081e+03 4.98752081e+03 4.98752081e+03 4.98752081e+03 4.98752081e+03 
