t: 0.000
0.00000000e+00 0.00000000e+00 
t: 0.001
0.00000000e+00 0.00000000e+00 
t: 0.002
0.00000000e+00 0.00000000e+00 
t: 0.003
0.00000000e+00 0.00000000e+00 
t: 0.004
0.00000000e+00 0.00000000e+00 
t: 0.005
1.37577923e-09 1.19716682e-09 
t: 0.006
1.30081964e-17 2.97878992e-18 
t: 0.007
1.30081964e-17 2.97878992e-18 
t: 0.008
1.61893908e-10 9.02766396e-11 
t: 0.009
1.61893908e-10 9.02766396e-11 
t: 0.010
1.21049998e-09 8.43218620e-10 
t: 0.011
1.21049998e-09 8.43218620e-10 
t: 0.012
1.34472606e-09 7.58216687e-10 
t: 0.013
1.34472606e-09 7.58216687e-10 
t: 0.014
1.98982785e-09 1.21541670e-09 
t: 0.015
1.98982785e-09 1.21541670e-09 
t: 0.016
2.22426572e-11 9.92889745e-12 
t: 0.017
2.22426572e-11 9.92889745e-12 
t: 0.018
2.22426572e-11 9.92889745e-12 
t: 0.019
2.22426572e-11 9.92889745e-12 
t: 0.020
2.22426572e-11 9.92889745e-12 
t: 0.021
1.91563709e-09 1.31840223e-09 
t: 0.022
1.91563709e-09 1.31840223e-09 
t: 0.023
1.91563709e-09 1.31840223e-09 
t: 0.024
1.91563709e-09 1.31840223e-09 
t: 0.025
1.91563709e-09 1.31840223e-09 
t: 0.026
9.60295166e-13 3.43153614e-13 
t: 0.027
1.67445626e-09 1.24676733e-09 
t: 0.028
1.67445626e-09 1.24676733e-09 
t: 0.029
1.30022741e-09 1.10322905e-09 
t: 0.030
5.64055621e-09 4.39149704e-09 
t: 0.031
1.13953349e-08 1.14499755e-08 
t: 0.032
8.16780658e-10 8.67701654e-10 
t: 0.033
8.16780658e-10 8.67701654e-10 
t: 0.034
8.16780658e-10 8.67701654e-10 
t: 0.035
8.16780658e-10 8.67701654e-10 
t: 0.036
8.16780658e-10 8.67701654e-10 
t: 0.037
8.16780658e-10 8.67701654e-10 
t: 0.038
8.16780658e-10 8.67701654e-10 
t: 0.039
8.16780658e-10 8.67701654e-10 
t: 0.040
8.16780658e-10 8.67701654e-10 
t: 0.041
8.16780658e-10 8.67701654e-10 
t: 0.042
8.16780658e-10 8.67701654e-10 
t: 0.043
8.16780658e-10 8.67701654e-10 
t: 0.044
8.16780658e-10 8.67701654e-10 
t: 0.045
8.16780658e-10 8.67701654e-10 
t: 0.046
8.16780658e-10 8.67701654e-10 
t: 0.047
8.16780658e-10 8.67701654e-10 
t: 0.048
8.16780658e-10 8.67701654e-10 
t: 0.049
8.16780658e-10 8.67701654e-10 
t: 0.050
8.16780658e-10 8.67701654e-10 
t: 0.051
8.16780658e-10 8.67701654e-10 
t: 0.052
8.16780658e-10 8.67701654e-10 
t: 0.053
8.16780658e-10 8.67701654e-10 
t: 0.054
8.16780658e-10 8.67701654e-10 
t: 0.055
8.16780658e-10 8.67701654e-10 
t: 0.056
8.16780658e-10 8.67701654e-10 
t: 0.057
8.16780658e-10 8.67701654e-10 
t: 0.058
8.16780658e-10 8.67701654e-10 
t: 0.059
8.16780658e-10 8.67701654e-10 
t: 0.060
8.16780658e-10 8.67701654e-10 
t: 0.061
8.16780658e-10 8.67701654e-10 
t: 0.062
8.16780658e-10 8.67701654e-10 
t: 0.063
8.16780658e-10 8.67701654e-10 
t: 0.064
8.16780658e-10 8.67701654e-10 
t: 0.065
8.16780658e-10 8.67701654e-10 
t: 0.066
8.16780658e-10 8.67701654e-10 
t: 0.067
8.16780658e-10 8.67701654e-10 
t: 0.068
8.16780658e-10 8.67701654e-10 
t: 0.069
8.16780658e-10 8.67701654e-10 
t: 0.070
8.16780658e-10 8.67701654e-10 
t: 0.071
8.16780658e-10 8.67701654e-10 
t: 0.072
8.16780658e-10 8.67701654e-10 
t: 0.073
8.16780658e-10 8.67701654e-10 
t: 0.074
8.16780658e-10 8.67701654e-10 
t: 0.075
8.16780658e-10 8.67701654e-10 
t: 0.076
8.16780658e-10 8.67701654e-10 
t: 0.077
8.16780658e-10 8.67701654e-10 
t: 0.078
8.16780658e-10 8.67701654e-10 
t: 0.079
8.16780658e-10 8.67701654e-10 
t: 0.080
8.16780658e-10 8.67701654e-10 
t: 0.081
8.16780658e-10 8.67701654e-10 
t: 0.082
8.16780658e-10 8.67701654e-10 
t: 0.083
8.16780658e-10 8.67701654e-10 
t: 0.084
8.16780658e-10 8.67701654e-10 
t: 0.085
8.16780658e-10 8.67701654e-10 
t: 0.086
8.16780658e-10 8.67701654e-10 
t: 0.087
8.16780658e-10 8.67701654e-10 
t: 0.088
8.16780658e-10 8.67701654e-10 
t: 0.089
8.16780658e-10 8.67701654e-10 
t: 0.090
8.16780658e-10 8.67701654e-10 
t: 0.091
8.16780658e-10 8.67701654e-10 
t: 0.092
8.16780658e-10 8.67701654e-10 
t: 0.093
8.16780658e-10 8.67701654e-10 
t: 0.094
8.16780658e-10 8.67701654e-10 
t: 0.095
8.16780658e-10 8.67701654e-10 
t: 0.096
8.16780658e-10 8.67701654e-10 
t: 0.097
8.16780658e-10 8.67701654e-10 
t: 0.098
8.16780658e-10 8.67701654e-10 
t: 0.099
8.16780658e-10 8.67701654e-10 
